Partition FE426AB4-AA59-4A62-B961-1C0BF90092F9
SubWorldData EE5D7F55-6EEC-478A-B4FD-6A77959005FA #primary instance
	$::SpatialPrefabBlueprint
		$::PrefabBlueprint
			$::Blueprint
				$::EntityBusData
					$::DataBusData
						$::Asset
							$::DataContainer
							Name XP4/Levels/XP4_Arctic/Squad_Deathmatch
						PropertyConnections::array
							member(0)::PropertyConnection
								Source Instance2
								Target XP4/Levels/XP4_Arctic/Squad_Deathmatch_Common/E2B428E0-3F41-433B-8629-8EC2639ACBE2
								SourceFieldId 1675663408
								TargetFieldId -381861949
								ShouldNetworkValue False
							member(1)::PropertyConnection
								Source Instance2
								Target XP4/Levels/XP4_Arctic/Squad_Deathmatch_Common/E2B428E0-3F41-433B-8629-8EC2639ACBE2
								SourceFieldId 99953971
								TargetFieldId -2076989888
								ShouldNetworkValue False
							member(2)::PropertyConnection
								Source Instance2
								Target XP4/Levels/XP4_Arctic/Squad_Deathmatch_Common/E2B428E0-3F41-433B-8629-8EC2639ACBE2
								SourceFieldId -2136643980
								TargetFieldId -2043826937
								ShouldNetworkValue False
							member(3)::PropertyConnection
								Source Instance2
								Target XP4/Levels/XP4_Arctic/Squad_Deathmatch_Common/E2B428E0-3F41-433B-8629-8EC2639ACBE2
								SourceFieldId 1124868974
								TargetFieldId 1613583901
								ShouldNetworkValue False
							member(4)::PropertyConnection
								Source Instance2
								Target XP4/Levels/XP4_Arctic/Squad_Deathmatch_Common/E2B428E0-3F41-433B-8629-8EC2639ACBE2
								SourceFieldId 706111439
								TargetFieldId -1040857540
								ShouldNetworkValue False
							member(5)::PropertyConnection
								Source Instance2
								Target XP4/Levels/XP4_Arctic/Squad_Deathmatch_Common/E2B428E0-3F41-433B-8629-8EC2639ACBE2
								SourceFieldId 835746157
								TargetFieldId 1679216798
								ShouldNetworkValue False
							member(6)::PropertyConnection
								Source Instance2
								Target XP4/Levels/XP4_Arctic/Squad_Deathmatch_Common/E2B428E0-3F41-433B-8629-8EC2639ACBE2
								SourceFieldId 507099005
								TargetFieldId -1206169970
								ShouldNetworkValue False
							member(7)::PropertyConnection
								Source Instance2
								Target XP4/Levels/XP4_Arctic/Squad_Deathmatch_Common/E2B428E0-3F41-433B-8629-8EC2639ACBE2
								SourceFieldId 2104937611
								TargetFieldId -1723380232
								ShouldNetworkValue False
							member(8)::PropertyConnection
								Source Instance2
								Target XP4/Levels/XP4_Arctic/Squad_Deathmatch_Common/E2B428E0-3F41-433B-8629-8EC2639ACBE2
								SourceFieldId 451026796
								TargetFieldId 2102295583
								ShouldNetworkValue False
							member(9)::PropertyConnection
								Source Instance2
								Target XP4/Levels/XP4_Arctic/Squad_Deathmatch_Common/E2B428E0-3F41-433B-8629-8EC2639ACBE2
								SourceFieldId -1541800169
								TargetFieldId -1601332892
								ShouldNetworkValue False
							member(10)::PropertyConnection
								Source Instance2
								Target XP4/Levels/XP4_Arctic/Squad_Deathmatch_Common/E2B428E0-3F41-433B-8629-8EC2639ACBE2
								SourceFieldId 1549746974
								TargetFieldId -907213203
								ShouldNetworkValue False
							member(11)::PropertyConnection
								Source Instance2
								Target XP4/Levels/XP4_Arctic/Squad_Deathmatch_Common/E2B428E0-3F41-433B-8629-8EC2639ACBE2
								SourceFieldId 900386657
								TargetFieldId -298204782
								ShouldNetworkValue False
							member(12)::PropertyConnection
								Source Instance2
								Target XP4/Levels/XP4_Arctic/Squad_Deathmatch_Common/E2B428E0-3F41-433B-8629-8EC2639ACBE2
								SourceFieldId -799936913
								TargetFieldId -790996068
								ShouldNetworkValue False
							member(13)::PropertyConnection
								Source Instance2
								Target XP4/Levels/XP4_Arctic/Squad_Deathmatch_Common/E2B428E0-3F41-433B-8629-8EC2639ACBE2
								SourceFieldId 570040981
								TargetFieldId 66175510
								ShouldNetworkValue False
						LinkConnections::array
							member(0)::LinkConnection
								Source XP4/Levels/XP4_Arctic/Squad_Deathmatch_Common/E2B428E0-3F41-433B-8629-8EC2639ACBE2
								Target Instance2
								SourceFieldId 1486550654
								TargetFieldId 1486550654
							member(1)::LinkConnection
								Source XP4/Levels/XP4_Arctic/Squad_Deathmatch_Common/E2B428E0-3F41-433B-8629-8EC2639ACBE2
								Target Instance2
								SourceFieldId -118462470
								TargetFieldId -118462470
							member(2)::LinkConnection
								Source XP4/Levels/XP4_Arctic/Squad_Deathmatch_Common/E2B428E0-3F41-433B-8629-8EC2639ACBE2
								Target Instance2
								SourceFieldId -1224938965
								TargetFieldId -1224938965
							member(3)::LinkConnection
								Source XP4/Levels/XP4_Arctic/Squad_Deathmatch_Common/E2B428E0-3F41-433B-8629-8EC2639ACBE2
								Target Instance2
								SourceFieldId -1841736695
								TargetFieldId -1841736695
							member(4)::LinkConnection
								Source XP4/Levels/XP4_Arctic/Squad_Deathmatch_Common/E2B428E0-3F41-433B-8629-8EC2639ACBE2
								Target Instance2
								SourceFieldId -1404628591
								TargetFieldId -1976399774
							member(5)::LinkConnection
								Source XP4/Levels/XP4_Arctic/Squad_Deathmatch_Common/E2B428E0-3F41-433B-8629-8EC2639ACBE2
								Target Instance2
								SourceFieldId -890967278
								TargetFieldId -1976399774
							member(6)::LinkConnection
								Source XP4/Levels/XP4_Arctic/Squad_Deathmatch_Common/E2B428E0-3F41-433B-8629-8EC2639ACBE2
								Target Instance2
								SourceFieldId 465180179
								TargetFieldId -1976399774
							member(7)::LinkConnection
								Source XP4/Levels/XP4_Arctic/Squad_Deathmatch_Common/E2B428E0-3F41-433B-8629-8EC2639ACBE2
								Target Instance2
								SourceFieldId 1475647380
								TargetFieldId -1976399774
						Interface Instance2
						Flags 3
					EventConnections::array
						member(0)::EventConnection
							Source XP4/Levels/XP4_Arctic/Squad_Deathmatch_Common/E2B428E0-3F41-433B-8629-8EC2639ACBE2
							Target Instance2
							SourceEvent::EventSpec
								Id -1541508057
							TargetEvent::EventSpec
								Id -1541508057
							TargetType EventConnectionTargetType_Server
			Objects::array
				member(0) Instance1
				member(1) Instance0
	RuntimeMaterialGrid *nullGuid*
	IsWin32SubLevel True
	IsXenonSubLevel True
	IsPs3SubLevel True
	IsGen4aSubLevel True
	IsGen4bSubLevel True
	RememberStateOnStreamOut False
WorldPartReferenceObjectData Instance0
	$::ReferenceObjectData
		$::GameObjectData
			$::DataBusPeer
				$::GameDataContainer
					$::DataContainer
				Flags 1741925
		Blueprint XP4/Levels/XP4_Arctic/Squad_Deathmatch_Common_Schematic/52B76401-78F3-4C99-BAFA-38E57A7EA7B3
		BlueprintTransform::LinearTransform
			right::Vec3
				x 1.0
				y 0.0
				z 0.0
			up::Vec3
				x 0.0
				y 1.0
				z 0.0
			forward::Vec3
				x 0.0
				y 0.0
				z 1.0
			trans::Vec3
				x 0.0
				y 0.0
				z 0.0
		ObjectVariation *nullGuid*
		StreamRealm StreamRealm_None
		RadiosityTypeOverride RadiosityTypeOverride_None
		CastSunShadowEnable False
		CastReflectionEnable False
		Excluded False
WorldPartReferenceObjectData Instance1
	$::ReferenceObjectData
		$::GameObjectData
			$::DataBusPeer
				$::GameDataContainer
					$::DataContainer
				Flags 21381065
		Blueprint XP4/Levels/XP4_Arctic/Squad_Deathmatch_Common/3FD7C885-817C-4822-B9D2-EFD72065D17E
		BlueprintTransform::LinearTransform
			right::Vec3
				x 1.0
				y 0.0
				z 0.0
			up::Vec3
				x 0.0
				y 1.0
				z 0.0
			forward::Vec3
				x 0.0
				y 0.0
				z 1.0
			trans::Vec3
				x 0.0
				y 0.0
				z 0.0
		ObjectVariation *nullGuid*
		StreamRealm StreamRealm_None
		RadiosityTypeOverride RadiosityTypeOverride_None
		CastSunShadowEnable False
		CastReflectionEnable False
		Excluded False
InterfaceDescriptorData Instance2
	$::DynamicDataContainer
		$::DataContainer
		Fields::array
			member(0)::DataField
				Value LinearTransform ((-0.970774,-0.006816525,0.2398989),(0.009419372,0.9977441,0.0664664),(-0.2398108,0.06678353,-0.9685197),(-253.3358,-8.32811,79.7018))
				ValueRef *nullGuid*
				Id 1675663408
				AccessType FieldAccessType_Target
			member(1)::DataField
				Value LinearTransform ((-0.3793791,0.06506548,-0.9229506),(0.009419373,0.9977441,0.0664664),(0.9251934,0.01652235,-0.3791361),(-253.1126,-6.273911,80.03477))
				ValueRef *nullGuid*
				Id 99953971
				AccessType FieldAccessType_Target
			member(2)::DataField
				Value LinearTransform ((0.5140846,0,-0.8577394),(0,1,0),(0.8577394,0,0.5140846),(-145.4702,-4.846085,-22.49969))
				ValueRef *nullGuid*
				Id -2136643980
				AccessType FieldAccessType_Target
			member(3)::DataField
				Value LinearTransform ((-0.6105633,-0.01187939,0.7918781),(0.0753246,0.9944836,0.07299645),(-0.7883769,0.1042169,-0.6063004),(-145.7068,-7.07608,-22.57373))
				ValueRef *nullGuid*
				Id 1124868974
				AccessType FieldAccessType_Target
			member(4)::DataField
				Value LinearTransform ((-0.1655166,0,0.986207),(0,1,0),(-0.986207,0,-0.1655166),(-196.16,-0.8454742,-130.0041))
				ValueRef *nullGuid*
				Id 706111439
				AccessType FieldAccessType_Target
			member(5)::DataField
				Value LinearTransform ((0.7452748,2.598125E-09,0.6667574),(0.05288043,0.99685,-0.05910762),(-0.6646571,0.07930984,0.7429271),(-196.3271,-2.999863,-130.0288))
				ValueRef *nullGuid*
				Id 835746157
				AccessType FieldAccessType_Target
			member(6)::DataField
				Value LinearTransform ((-0.8410727,0,0.5409221),(0,1,0),(-0.5409221,0,-0.8410727),(-273.1877,-0.4563446,-109.5597))
				ValueRef *nullGuid*
				Id 507099005
				AccessType FieldAccessType_Target
			member(7)::DataField
				Value LinearTransform ((0.5897201,0,-0.8076076),(0,1,0),(0.8076076,0,0.5897201),(-273.3879,-2.505127,-109.7817))
				ValueRef *nullGuid*
				Id 2104937611
				AccessType FieldAccessType_Target
			member(8)::DataField
				Value LinearTransform ((0.8057171,1.963645E-06,-0.5923004),(-0.1287362,0.9760938,-0.1751189),(0.5781406,0.2173468,0.786456),(-163.8941,22.44139,-13.94004))
				ValueRef *nullGuid*
				Id 451026796
				AccessType FieldAccessType_Target
			member(9)::DataField
				Value LinearTransform ((1,0,-1.748456E-07),(0,1,0),(1.748456E-07,0,1),(-335.3322,-1.570557,-106.3096))
				ValueRef *nullGuid*
				Id -1541800169
				AccessType FieldAccessType_Target
			member(10)::DataField
				Value LinearTransform ((1,0,0),(0,1,0),(0,0,1),(-259.8764,-4.22345,194.7503))
				ValueRef *nullGuid*
				Id 1549746974
				AccessType FieldAccessType_Target
			member(11)::DataField
				Value LinearTransform ((1,0,-1.748456E-07),(0,1,0),(1.748456E-07,0,1),(-99.73289,-11.68077,-207.7927))
				ValueRef *nullGuid*
				Id 900386657
				AccessType FieldAccessType_Target
			member(12)::DataField
				Value LinearTransform ((1,0,0),(0,1,0),(0,0,1),(-86.03421,-8.577835,35.9366))
				ValueRef *nullGuid*
				Id -799936913
				AccessType FieldAccessType_Target
			member(13)::DataField
				Value LinearTransform ((0.2711231,-1.2815E-06,-0.9625449),(-0.3819154,0.9179151,-0.1075766),(0.8835345,0.3967772,0.2488674),(-191.4041,3.929352,-372.5426))
				ValueRef *nullGuid*
				Id 570040981
				AccessType FieldAccessType_Target
	InputEvents *nullArray*
	OutputEvents::array
		member(0)::DynamicEvent
			Id -1541508057
	InputLinks *nullArray*
	OutputLinks::array
		member(0)::DynamicLink
			Id 1486550654
		member(1)::DynamicLink
			Id -118462470
		member(2)::DynamicLink
			Id -1224938965
		member(3)::DynamicLink
			Id -1841736695
		member(4)::DynamicLink
			Id -1976399774
