Partition BEF92C7B-E75E-4DAE-863F-A0C5B0C30D85
SubWorldData D6A37ACF-EC89-4BE4-937F-2D2B3523609E #primary instance
	$::SpatialPrefabBlueprint
		$::PrefabBlueprint
			$::Blueprint
				$::EntityBusData
					$::DataBusData
						$::Asset
							$::DataContainer
							Name XP7/Levels/MP_Valley/SquadDEATHMATCH
						PropertyConnections::array
							member(0)::PropertyConnection
								Source Instance2
								Target XP7/Levels/MP_Valley/SquadDeathMatch_GamePlay/03A7946C-8BBA-4C78-96C0-BDDB523DF593
								SourceFieldId -1795950431
								TargetFieldId -1206169970
								ShouldNetworkValue False
							member(1)::PropertyConnection
								Source Instance2
								Target XP7/Levels/MP_Valley/SquadDeathMatch_GamePlay/03A7946C-8BBA-4C78-96C0-BDDB523DF593
								SourceFieldId -1485741189
								TargetFieldId -2008697303
								ShouldNetworkValue False
							member(2)::PropertyConnection
								Source Instance2
								Target XP7/Levels/MP_Valley/SquadDeathMatch_GamePlay/03A7946C-8BBA-4C78-96C0-BDDB523DF593
								SourceFieldId -2141183877
								TargetFieldId -1552878807
								ShouldNetworkValue False
							member(3)::PropertyConnection
								Source Instance2
								Target XP7/Levels/MP_Valley/SquadDeathMatch_GamePlay/03A7946C-8BBA-4C78-96C0-BDDB523DF593
								SourceFieldId -1655376659
								TargetFieldId -2076989888
								ShouldNetworkValue False
							member(4)::PropertyConnection
								Source Instance2
								Target XP7/Levels/MP_Valley/SquadDeathMatch_GamePlay/03A7946C-8BBA-4C78-96C0-BDDB523DF593
								SourceFieldId -2089067904
								TargetFieldId -1040857540
								ShouldNetworkValue False
							member(5)::PropertyConnection
								Source Instance2
								Target XP7/Levels/MP_Valley/SquadDeathMatch_GamePlay/03A7946C-8BBA-4C78-96C0-BDDB523DF593
								SourceFieldId -298860561
								TargetFieldId 1746621885
								ShouldNetworkValue False
							member(6)::PropertyConnection
								Source Instance2
								Target XP7/Levels/MP_Valley/SquadDeathMatch_GamePlay/03A7946C-8BBA-4C78-96C0-BDDB523DF593
								SourceFieldId 496960451
								TargetFieldId -2043826937
								ShouldNetworkValue False
							member(7)::PropertyConnection
								Source Instance2
								Target XP7/Levels/MP_Valley/SquadDeathMatch_GamePlay/03A7946C-8BBA-4C78-96C0-BDDB523DF593
								SourceFieldId 818609854
								TargetFieldId -1051812692
								ShouldNetworkValue False
							member(8)::PropertyConnection
								Source Instance2
								Target XP7/Levels/MP_Valley/SquadDeathMatch_GamePlay/03A7946C-8BBA-4C78-96C0-BDDB523DF593
								SourceFieldId 1825439621
								TargetFieldId -790996068
								ShouldNetworkValue False
							member(9)::PropertyConnection
								Source Instance2
								Target XP7/Levels/MP_Valley/SquadDeathMatch_GamePlay/03A7946C-8BBA-4C78-96C0-BDDB523DF593
								SourceFieldId -1323889505
								TargetFieldId -298204782
								ShouldNetworkValue False
							member(10)::PropertyConnection
								Source Instance2
								Target XP7/Levels/MP_Valley/SquadDeathMatch_GamePlay/03A7946C-8BBA-4C78-96C0-BDDB523DF593
								SourceFieldId 1845451114
								TargetFieldId -1601332892
								ShouldNetworkValue False
							member(11)::PropertyConnection
								Source Instance2
								Target XP7/Levels/MP_Valley/SquadDeathMatch_GamePlay/03A7946C-8BBA-4C78-96C0-BDDB523DF593
								SourceFieldId 2122395986
								TargetFieldId -907213203
								ShouldNetworkValue False
							member(12)::PropertyConnection
								Source Instance2
								Target XP7/Levels/MP_Valley/SquadDeathMatch_GamePlay/03A7946C-8BBA-4C78-96C0-BDDB523DF593
								SourceFieldId -697078187
								TargetFieldId 2102295583
								ShouldNetworkValue False
							member(13)::PropertyConnection
								Source Instance2
								Target XP7/Levels/MP_Valley/SquadDeathMatch_GamePlay/03A7946C-8BBA-4C78-96C0-BDDB523DF593
								SourceFieldId -405101217
								TargetFieldId 66175510
								ShouldNetworkValue False
							member(14)::PropertyConnection
								Source Instance2
								Target XP7/Levels/MP_Valley/SquadDeathMatch_GamePlay/03A7946C-8BBA-4C78-96C0-BDDB523DF593
								SourceFieldId -141474860
								TargetFieldId -1771185205
								ShouldNetworkValue False
						LinkConnections::array
							member(0)::LinkConnection
								Source XP7/Levels/MP_Valley/SquadDeathMatch_GamePlay/03A7946C-8BBA-4C78-96C0-BDDB523DF593
								Target Instance2
								SourceFieldId -1224938965
								TargetFieldId -1224938965
							member(1)::LinkConnection
								Source XP7/Levels/MP_Valley/SquadDeathMatch_GamePlay/03A7946C-8BBA-4C78-96C0-BDDB523DF593
								Target Instance2
								SourceFieldId -1841736695
								TargetFieldId -1841736695
							member(2)::LinkConnection
								Source XP7/Levels/MP_Valley/SquadDeathMatch_GamePlay/03A7946C-8BBA-4C78-96C0-BDDB523DF593
								Target Instance2
								SourceFieldId 1486550654
								TargetFieldId 1486550654
							member(3)::LinkConnection
								Source XP7/Levels/MP_Valley/SquadDeathMatch_GamePlay/03A7946C-8BBA-4C78-96C0-BDDB523DF593
								Target Instance2
								SourceFieldId -118462470
								TargetFieldId -118462470
							member(4)::LinkConnection
								Source XP7/Levels/MP_Valley/SquadDeathMatch_GamePlay/03A7946C-8BBA-4C78-96C0-BDDB523DF593
								Target Instance2
								SourceFieldId -1404628591
								TargetFieldId -1976399774
							member(5)::LinkConnection
								Source XP7/Levels/MP_Valley/SquadDeathMatch_GamePlay/03A7946C-8BBA-4C78-96C0-BDDB523DF593
								Target Instance2
								SourceFieldId -890967278
								TargetFieldId -1976399774
							member(6)::LinkConnection
								Source XP7/Levels/MP_Valley/SquadDeathMatch_GamePlay/03A7946C-8BBA-4C78-96C0-BDDB523DF593
								Target Instance2
								SourceFieldId 465180179
								TargetFieldId -1976399774
							member(7)::LinkConnection
								Source XP7/Levels/MP_Valley/SquadDeathMatch_GamePlay/03A7946C-8BBA-4C78-96C0-BDDB523DF593
								Target Instance2
								SourceFieldId 1475647380
								TargetFieldId -1976399774
						Interface Instance2
						Flags 3
					EventConnections *nullArray*
			Objects::array
				member(0) Instance0
				member(1) Instance1
	RuntimeMaterialGrid *nullGuid*
	IsWin32SubLevel True
	IsXenonSubLevel True
	IsPs3SubLevel True
	IsGen4aSubLevel True
	IsGen4bSubLevel True
	RememberStateOnStreamOut False
WorldPartReferenceObjectData Instance0
	$::ReferenceObjectData
		$::GameObjectData
			$::DataBusPeer
				$::GameDataContainer
					$::DataContainer
				Flags 24262325
		Blueprint XP7/Levels/MP_Valley/SquadDeathMatch_GamePlay/B2A15431-E10F-4B62-AD44-648E115A0A05
		BlueprintTransform::LinearTransform
			right::Vec3
				x 1.0
				y 0.0
				z 0.0
			up::Vec3
				x 0.0
				y 1.0
				z 0.0
			forward::Vec3
				x 0.0
				y 0.0
				z 1.0
			trans::Vec3
				x 0.0
				y 0.0
				z 0.0
		ObjectVariation *nullGuid*
		StreamRealm StreamRealm_None
		RadiosityTypeOverride RadiosityTypeOverride_None
		CastSunShadowEnable False
		CastReflectionEnable False
		Excluded False
WorldPartReferenceObjectData Instance1
	$::ReferenceObjectData
		$::GameObjectData
			$::DataBusPeer
				$::GameDataContainer
					$::DataContainer
				Flags 1214166
		Blueprint XP7/Levels/MP_Valley/SquadDeathMatch_GamePlay_Schematic/A333CEBD-95AF-4171-91FB-5308250161BE
		BlueprintTransform::LinearTransform
			right::Vec3
				x 1.0
				y 0.0
				z 0.0
			up::Vec3
				x 0.0
				y 1.0
				z 0.0
			forward::Vec3
				x 0.0
				y 0.0
				z 1.0
			trans::Vec3
				x 0.0
				y 0.0
				z 0.0
		ObjectVariation *nullGuid*
		StreamRealm StreamRealm_None
		RadiosityTypeOverride RadiosityTypeOverride_None
		CastSunShadowEnable False
		CastReflectionEnable False
		Excluded False
InterfaceDescriptorData Instance2
	$::DynamicDataContainer
		$::DataContainer
		Fields::array
			member(0)::DataField
				Value LinearTransform ((-0.1350641,0,0.9908369),(0,1,0),(-0.9908369,0,-0.1350641),(245.9485,7.107254,-28.41016))
				ValueRef *nullGuid*
				Id -1795950431
				AccessType FieldAccessType_Target
			member(1)::DataField
				Value LinearTransform ((-0.1350643,0,0.9908367),(0,1,0),(-0.9908367,0,-0.1350643),(245.5739,-4.133286,-28.42004))
				ValueRef *nullGuid*
				Id -1485741189
				AccessType FieldAccessType_Target
			member(2)::DataField
				Value LinearTransform ((0.5558932,0,-0.8312537),(0,1,0),(0.8312537,0,0.5558932),(63.2653,-7.505287,-2.018463))
				ValueRef *nullGuid*
				Id -2141183877
				AccessType FieldAccessType_Target
			member(3)::DataField
				Value LinearTransform ((0.5558932,0,-0.8312537),(0,1,0),(0.8312537,0,0.5558932),(63.25539,3.809616,-1.643829))
				ValueRef *nullGuid*
				Id -1655376659
				AccessType FieldAccessType_Target
			member(4)::DataField
				Value LinearTransform ((-0.3440016,0,0.9389691),(0,1,0),(-0.9389691,0,-0.3440016),(123.0096,5.745613,-1.234711))
				ValueRef *nullGuid*
				Id -2089067904
				AccessType FieldAccessType_Target
			member(5)::DataField
				Value LinearTransform ((-0.344002,0,0.9389689),(0,1,0),(-0.9389689,0,-0.344002),(123.0195,-4.660362,-1.609314))
				ValueRef *nullGuid*
				Id -298860561
				AccessType FieldAccessType_Target
			member(6)::DataField
				Value LinearTransform ((-0.7200165,0,0.693957),(0,1,0),(-0.693957,0,-0.7200165),(251.0756,6.856506,45.00305))
				ValueRef *nullGuid*
				Id 496960451
				AccessType FieldAccessType_Target
			member(7)::DataField
				Value LinearTransform ((-0.7200165,0,0.6939569),(0,1,0),(-0.6939569,0,-0.7200165),(250.701,-4.285248,44.99313))
				ValueRef *nullGuid*
				Id 818609854
				AccessType FieldAccessType_Target
			member(8)::DataField
				Value LinearTransform ((1,0,0),(0,1,0),(0,0,1),(275.2669,19.99872,-5.842255))
				ValueRef *nullGuid*
				Id 1825439621
				AccessType FieldAccessType_Target
			member(9)::DataField
				Value LinearTransform ((1,0,-1.748456E-07),(0,1,0),(1.748456E-07,0,1),(196.8531,19.99872,105.6894))
				ValueRef *nullGuid*
				Id -1323889505
				AccessType FieldAccessType_Target
			member(10)::DataField
				Value LinearTransform ((1,0,-1.748456E-07),(0,1,0),(1.748456E-07,0,1),(211.7739,19.99872,-113.6364))
				ValueRef *nullGuid*
				Id 1845451114
				AccessType FieldAccessType_Target
			member(11)::DataField
				Value LinearTransform ((1,0,-1.748456E-07),(0,1,0),(1.748456E-07,0,1),(31.2679,19.99872,-0.0307312))
				ValueRef *nullGuid*
				Id 2122395986
				AccessType FieldAccessType_Target
			member(12)::DataField
				Value LinearTransform ((0.9999985,0,-3.417339E-07),(-7.461139E-08,0.9392194,-0.3433163),(3.390771E-07,0.3433169,0.9392181),(810.0211,-399.5756,1765.014))
				ValueRef *nullGuid*
				Id -697078187
				AccessType FieldAccessType_Target
			member(13)::DataField
				Value LinearTransform ((0.9999986,3.434443E-15,-1.748453E-07),(-5.398825E-08,0.9511344,-0.3087767),(1.663013E-07,0.3087771,0.951133),(805.0931,-424.658,1725.091))
				ValueRef *nullGuid*
				Id -405101217
				AccessType FieldAccessType_Target
			member(14)::DataField
				Value Boolean False
				ValueRef *nullGuid*
				Id -141474860
				AccessType FieldAccessType_Target
	InputEvents *nullArray*
	OutputEvents *nullArray*
	InputLinks *nullArray*
	OutputLinks::array
		member(0)::DynamicLink
			Id -1841736695
		member(1)::DynamicLink
			Id -1224938965
		member(2)::DynamicLink
			Id -1976399774
		member(3)::DynamicLink
			Id 1486550654
		member(4)::DynamicLink
			Id -118462470
