Partition C11F27DE-885B-492B-AAE6-DBD3DE07F872
SubWorldData 6B82AD1F-9399-4246-ACB6-DD5DBAD7DF37 #primary instance
	$::SpatialPrefabBlueprint
		$::PrefabBlueprint
			$::Blueprint
				$::EntityBusData
					$::DataBusData
						$::Asset
							$::DataContainer
							Name XP4/Levels/XP4_WalkerFactory/Squad_Deathmatch
						PropertyConnections::array
							member(0)::PropertyConnection
								Source Instance2
								Target XP4/Levels/XP4_WalkerFactory/Squad_Deathmatch_Logic/20383FEE-D470-47D2-9CDB-C6C46D000AFE
								SourceFieldId -1802154424
								TargetFieldId -1552878807
								ShouldNetworkValue False
							member(1)::PropertyConnection
								Source Instance2
								Target XP4/Levels/XP4_WalkerFactory/Squad_Deathmatch_Logic/20383FEE-D470-47D2-9CDB-C6C46D000AFE
								SourceFieldId 1396787932
								TargetFieldId 1746621885
								ShouldNetworkValue False
							member(2)::PropertyConnection
								Source Instance2
								Target XP4/Levels/XP4_WalkerFactory/Squad_Deathmatch_Logic/20383FEE-D470-47D2-9CDB-C6C46D000AFE
								SourceFieldId -1146711736
								TargetFieldId -2008697303
								ShouldNetworkValue False
							member(3)::PropertyConnection
								Source Instance2
								Target XP4/Levels/XP4_WalkerFactory/Squad_Deathmatch_Logic/20383FEE-D470-47D2-9CDB-C6C46D000AFE
								SourceFieldId -391928499
								TargetFieldId -1051812692
								ShouldNetworkValue False
							member(4)::PropertyConnection
								Source Instance2
								Target XP4/Levels/XP4_WalkerFactory/Squad_Deathmatch_Logic/20383FEE-D470-47D2-9CDB-C6C46D000AFE
								SourceFieldId -1830284746
								TargetFieldId -790996068
								ShouldNetworkValue False
							member(5)::PropertyConnection
								Source Instance2
								Target XP4/Levels/XP4_WalkerFactory/Squad_Deathmatch_Logic/20383FEE-D470-47D2-9CDB-C6C46D000AFE
								SourceFieldId -515853524
								TargetFieldId -298204782
								ShouldNetworkValue False
							member(6)::PropertyConnection
								Source Instance2
								Target XP4/Levels/XP4_WalkerFactory/Squad_Deathmatch_Logic/20383FEE-D470-47D2-9CDB-C6C46D000AFE
								SourceFieldId -1757712479
								TargetFieldId -907213203
								ShouldNetworkValue False
							member(7)::PropertyConnection
								Source Instance2
								Target XP4/Levels/XP4_WalkerFactory/Squad_Deathmatch_Logic/20383FEE-D470-47D2-9CDB-C6C46D000AFE
								SourceFieldId 1035119257
								TargetFieldId -1601332892
								ShouldNetworkValue False
							member(8)::PropertyConnection
								Source Instance2
								Target XP4/Levels/XP4_WalkerFactory/Squad_Deathmatch_Logic/20383FEE-D470-47D2-9CDB-C6C46D000AFE
								SourceFieldId 1923511312
								TargetFieldId 2102295583
								ShouldNetworkValue False
							member(9)::PropertyConnection
								Source Instance2
								Target XP4/Levels/XP4_WalkerFactory/Squad_Deathmatch_Logic/20383FEE-D470-47D2-9CDB-C6C46D000AFE
								SourceFieldId 1171857117
								TargetFieldId 66175510
								ShouldNetworkValue False
						LinkConnections::array
							member(0)::LinkConnection
								Source XP4/Levels/XP4_WalkerFactory/Squad_Deathmatch_Logic/20383FEE-D470-47D2-9CDB-C6C46D000AFE
								Target Instance2
								SourceFieldId -1224938965
								TargetFieldId -1224938965
							member(1)::LinkConnection
								Source XP4/Levels/XP4_WalkerFactory/Squad_Deathmatch_Logic/20383FEE-D470-47D2-9CDB-C6C46D000AFE
								Target Instance2
								SourceFieldId -118462470
								TargetFieldId -118462470
							member(2)::LinkConnection
								Source XP4/Levels/XP4_WalkerFactory/Squad_Deathmatch_Logic/20383FEE-D470-47D2-9CDB-C6C46D000AFE
								Target Instance2
								SourceFieldId 1486550654
								TargetFieldId 1486550654
							member(3)::LinkConnection
								Source XP4/Levels/XP4_WalkerFactory/Squad_Deathmatch_Logic/20383FEE-D470-47D2-9CDB-C6C46D000AFE
								Target Instance2
								SourceFieldId -1841736695
								TargetFieldId -1841736695
							member(4)::LinkConnection
								Source XP4/Levels/XP4_WalkerFactory/Squad_Deathmatch_Logic/20383FEE-D470-47D2-9CDB-C6C46D000AFE
								Target Instance2
								SourceFieldId 1475647380
								TargetFieldId -1976399774
							member(5)::LinkConnection
								Source XP4/Levels/XP4_WalkerFactory/Squad_Deathmatch_Logic/20383FEE-D470-47D2-9CDB-C6C46D000AFE
								Target Instance2
								SourceFieldId -1404628591
								TargetFieldId -1976399774
							member(6)::LinkConnection
								Source XP4/Levels/XP4_WalkerFactory/Squad_Deathmatch_Logic/20383FEE-D470-47D2-9CDB-C6C46D000AFE
								Target Instance2
								SourceFieldId -890967278
								TargetFieldId -1976399774
							member(7)::LinkConnection
								Source XP4/Levels/XP4_WalkerFactory/Squad_Deathmatch_Logic/20383FEE-D470-47D2-9CDB-C6C46D000AFE
								Target Instance2
								SourceFieldId 465180179
								TargetFieldId -1976399774
						Interface Instance2
						Flags 3
					EventConnections::array
						member(0)::EventConnection
							Source XP4/Levels/XP4_WalkerFactory/Squad_Deathmatch_Logic/20383FEE-D470-47D2-9CDB-C6C46D000AFE
							Target Instance2
							SourceEvent::EventSpec
								Id -1541508057
							TargetEvent::EventSpec
								Id -1541508057
							TargetType EventConnectionTargetType_Server
			Objects::array
				member(0) Instance0
				member(1) Instance1
	RuntimeMaterialGrid *nullGuid*
	IsWin32SubLevel True
	IsXenonSubLevel True
	IsPs3SubLevel True
	IsGen4aSubLevel True
	IsGen4bSubLevel True
	RememberStateOnStreamOut False
WorldPartReferenceObjectData Instance0
	$::ReferenceObjectData
		$::GameObjectData
			$::DataBusPeer
				$::GameDataContainer
					$::DataContainer
				Flags 21902466
		Blueprint XP4/Levels/XP4_WalkerFactory/Squad_Deathmatch_Logic/54DE7DA0-11C0-40F2-A5B9-FC95B3DB7AB5
		BlueprintTransform::LinearTransform
			right::Vec3
				x 1.0
				y 0.0
				z 0.0
			up::Vec3
				x 0.0
				y 1.0
				z 0.0
			forward::Vec3
				x 0.0
				y 0.0
				z 1.0
			trans::Vec3
				x 0.0
				y 0.0
				z 0.0
		ObjectVariation *nullGuid*
		StreamRealm StreamRealm_None
		RadiosityTypeOverride RadiosityTypeOverride_None
		CastSunShadowEnable False
		CastReflectionEnable False
		Excluded False
WorldPartReferenceObjectData Instance1
	$::ReferenceObjectData
		$::GameObjectData
			$::DataBusPeer
				$::GameDataContainer
					$::DataContainer
				Flags 12909998
		Blueprint XP4/Levels/XP4_WalkerFactory/Squad_Deathmatch_Logic_Schematic/6DA9BE9F-7FF8-4099-865A-2D9459D9DDCF
		BlueprintTransform::LinearTransform
			right::Vec3
				x 1.0
				y 0.0
				z 0.0
			up::Vec3
				x 0.0
				y 1.0
				z 0.0
			forward::Vec3
				x 0.0
				y 0.0
				z 1.0
			trans::Vec3
				x 0.0
				y 0.0
				z 0.0
		ObjectVariation *nullGuid*
		StreamRealm StreamRealm_None
		RadiosityTypeOverride RadiosityTypeOverride_None
		CastSunShadowEnable False
		CastReflectionEnable False
		Excluded False
InterfaceDescriptorData Instance2
	$::DynamicDataContainer
		$::DataContainer
		Fields::array
			member(0)::DataField
				Value LinearTransform ((0.7595968,0,0.6503946),(0,1,0),(-0.6503946,0,0.7595968),(742.4832,679.4265,479.6502))
				ValueRef *nullGuid*
				Id -1802154424
				AccessType FieldAccessType_Target
			member(1)::DataField
				Value LinearTransform ((0.1147848,0,0.9933907),(0,1,0),(-0.9933907,0,0.1147848),(705.8317,712.8367,599.75))
				ValueRef *nullGuid*
				Id 1396787932
				AccessType FieldAccessType_Target
			member(2)::DataField
				Value LinearTransform ((-0.9740136,0,-0.2264889),(0,1,0),(0.2264889,0,-0.9740136),(637.4907,722.1855,642.1523))
				ValueRef *nullGuid*
				Id -1146711736
				AccessType FieldAccessType_Target
			member(3)::DataField
				Value LinearTransform ((-0.8444774,0,0.5355909),(0,1,0),(-0.5355909,0,-0.8444774),(680.6837,717.2314,704.3169))
				ValueRef *nullGuid*
				Id -391928499
				AccessType FieldAccessType_Target
			member(4)::DataField
				Value LinearTransform ((0.2271252,0,-0.9738656),(0,1,0),(0.9738656,0,0.2271252),(182.1611,23.57338,-104.8019))
				ValueRef *nullGuid*
				Id -1830284746
				AccessType FieldAccessType_Target
			member(5)::DataField
				Value LinearTransform ((-0.8414518,0,-0.5403318),(0,1,0),(0.5403318,0,-0.8414518),(195.9436,29.08875,8.976992))
				ValueRef *nullGuid*
				Id -515853524
				AccessType FieldAccessType_Target
			member(6)::DataField
				Value LinearTransform ((-0.4118322,0,0.9112598),(0,1,0),(-0.9112598,0,-0.4118322),(275.0048,32.62106,29.99793))
				ValueRef *nullGuid*
				Id -1757712479
				AccessType FieldAccessType_Target
			member(7)::DataField
				Value LinearTransform ((0.8072096,0,0.590265),(0,1,0),(-0.590265,0,0.8072096),(284.3358,36.15757,-138.9683))
				ValueRef *nullGuid*
				Id 1035119257
				AccessType FieldAccessType_Target
			member(8)::DataField
				Value LinearTransform ((-0.6603013,1.990237E-05,0.7510013),(-0.04007444,0.9985744,-0.03526102),(-0.7499313,-0.05337884,-0.6593591),(12.9769,-0.2681427,-6.173164))
				ValueRef *nullGuid*
				Id 1923511312
				AccessType FieldAccessType_Target
			member(9)::DataField
				Value LinearTransform ((0.1106657,5.319715E-06,0.9938577),(0.08393688,0.9964273,-0.009351674),(-0.9903071,0.08445623,0.1102698),(9.943996,-0.7146301,4.676487))
				ValueRef *nullGuid*
				Id 1171857117
				AccessType FieldAccessType_Target
	InputEvents *nullArray*
	OutputEvents::array
		member(0)::DynamicEvent
			Id -1541508057
	InputLinks *nullArray*
	OutputLinks::array
		member(0)::DynamicLink
			Id -1224938965
		member(1)::DynamicLink
			Id -118462470
		member(2)::DynamicLink
			Id 1486550654
		member(3)::DynamicLink
			Id -1841736695
		member(4)::DynamicLink
			Id -1976399774
